367,52
367,51
367,50
367,49
367,48
367,47
367,46
367,45
367,44
367,43
367,42
367,41
367,40
367,39
367,38
367,37
367,36
367,35
324,132
324,131
324,130
324,129
324,128
324,127
324,126
324,125
324,124
324,123
324,122
324,121
324,120
324,119
324,118
324,117
324,116
324,115
324,114
324,113
324,112
324,111
324,110
324,109
324,108
324,107
324,106
324,105
324,104
324,103
324,102
324,101
324,100
324,99
324,98
324,97
324,96
20,2
20,1
324,95
324,94
324,93
324,92
324,91
324,90
324,89
324,88
324,87
324,86
324,85
324,84
324,83
324,82
324,81
324,80
20,3
324,79
324,78
324,77
324,76
324,75
324,74
324,73
324,72
324,71
324,70
324,69
324,68
324,67
324,66
324,65
19,2
19,1
324,64
324,35
324,34
324,33
324,32
324,31
324,30
324,29
324,28
324,27
19,3
324,26
324,25
324,24
324,23
324,22
324,21
324,20
324,19
324,18
324,17
324,16
324,15
324,14
324,13
324,12
324,11
324,10
324,9
324,8
324,7
324,6
324,5
324,1
324,4
324,3
323,1
323,3
317,1
317,3
313,1
313,3
312,1
312,3
304,1
18,1
304,3
18,3
301,1
301,3
299,1
299,3
14,14
14,13
14,12
14,11
14,10
14,9
14,8
14,6
14,5
14,4
14,3
14,2
14,1
14,0
13,1
2,2
2,1
13,3
0,565
0,564
0,559
0,546
0,537
0,536
0,534
0,533
2,3
0,531
0,530
0,523
0,521
0,520
0,519
0,516
0,515
0,513
0,512
0,511
0,510
0,508
0,504
0,503
0,475
0,465
0,464
0,463
0,437
0,421
0,391
0,386
0,317
0,311
0,302
0,300
0,296
0,280
0,278
0,273
0,270
0,243
0,9
0,0
367,34
367,33
367,32
367,31
367,30
367,29
367,28
367,27
367,26
367,25
367,24
367,23
367,22
367,21
367,20
367,19
367,18
367,17
367,16
367,15
367,14
367,13
367,12
367,11
367,10
367,9
367,8
367,7
367,6
367,5
367,4
367,3
367,2
367,0
0,276
0,275
0,272
0,271
0,12
0,449
0,10
0,8
0,418
0,448
0,268
0,478
0,292
0,267
0,477
0,570
0,266
0,445
0,265
0,545
0,476
0,264
0,291
0,444
0,263
0,395
0,443
0,262
0,450
0,442
0,261
0,441
0,260
0,522
0,474
0,259
0,388
0,440
0,258
0,429
0,439
0,257
0,569
0,438
0,256
0,255
0,316
0,254
0,568
0,481
0,253
0,428
0,314
0,252
0,425
0,312
0,251
0,433
0,308
0,250
0,399
0,479
0,249
0,473
0,306
0,248
0,303
0,490
0,247
0,506
0,489
0,246
0,424
0,495
0,245
0,487
0,427
0,244
0,486
0,297
0,242
0,426
0,485
324,133
324,134
324,136
324,137
324,139
324,140
324,142
324,144
324,145
324,147
324,148
324,150
324,152
324,153
324,155
324,156
324,158
324,159
324,161
324,163
324,164
324,166
324,167
324,169
324,171
324,172
324,174
324,175
324,177
324,178
324,180
324,182
324,183
324,185
324,186
324,188
324,190
324,191
324,193
324,194
324,196
324,197
324,199
324,201
324,202
324,204
324,205
324,207
324,209
324,210
324,212
324,213
324,215
324,217
324,218
324,220
324,221
324,223
324,224
324,226
324,228
324,229
324,231
324,232
324,234
324,237
324,238
324,240
324,241
324,244
324,245
324,247
324,250
324,251
324,253
324,254
324,256
324,258
324,259
324,261
324,262
324,264
324,265
324,267
324,269
324,270
324,272
324,273
324,275
324,277
324,278
324,280
324,281
324,283
324,285
324,286
324,288
324,289
324,291
324,292
324,294
324,296
324,297
324,299
324,300
324,302
324,304
324,305
324,307
324,308
324,310
324,311
324,313
